[[ 7  7  7  9  9  9  3  3  3 15 15 15 15 17 17 17 17 19 19 19 19 19 19]
 [ 7  7  7  9  9  9  3  3  3 15 15 15 15 17 17 17 17 19 19 19 19 19 19]
 [ 7  7  7  9  9  9  3  3  3 15 15 15 15 17 17 17 17 19 19 19 19 19 19]
 [ 7  7  7  9  9  9  3  3  3 15 15 15 15 17 17 17 17 12 12 12  8  8  8]
 [ 7  7  7  9  9  9  3  3  3 15 15 15 15 17 17 17 17 12 12 12  8  8  8]
 [ 7  7  7  9  9  9  1  1  1 15 15 15 15 17 17 17 17 12 12 12  8  8  8]
 [ 7  7  7  9  9  9  1  1  1 16 16 16 16 17 17 17 17 12 12 12  8  8  8]
 [ 7  7  7  9  9  9  1  1  1 16 16 16 16 17 17 17 17 12 12 12  8  8  8]
 [ 7  7  7  9  9  9  6  6  6 16 16 16 16 17 17 17 17 12 12 12  8  8  8]
 [11 11 11  9  9  9  6  6  6 16 16 16 16 17 17 17 17 12 12 12  8  8  8]
 [11 11 11  9  9  9  6  6  6 16 16 16 16 17 17 17 17 12 12 12  8  8  8]
 [11 11 11 10 10 10  6  6  6 16 16 16 16 18 18 18 18 12 12 12  8  8  8]
 [11 11 11 10 10 10  6  6  6 16 16 16 16 18 18 18 18 12 12 12  8  8  8]
 [11 11 11 10 10 10  6  6  6 16 16 16 16 18 18 18 18 12 12 12  4  4  4]
 [11 11 11 10 10 10  6  6  6 16 16 16 16 18 18 18 18 12 12 12  4  4  4]
 [11 11 11 10 10 10  6  6  6 16 16 16 16 18 18 18 18 12 12 12  4  4  4]
 [11 11 11 10 10 10 14 14 14 14  5  5  5 18 18 18 18 12 12 12  4  4  4]
 [11 11 11 10 10 10 14 14 14 14  5  5  5 18 18 18 18 12 12 12  4  4  4]
 [11 11 11 10 10 10 14 14 14 14  5  5  5 18 18 18 18 12 12 12  4  4  4]
 [11 11 11 10 10 10 14 14 14 14  5  5  5 18 18 18 18 12 12 12  2  2  2]
 [11 11 11 10 10 10 13 13 13 13  5  5  5 18 18 18 18 12 12 12  2  2  2]
 [11 11 11 10 10 10 13 13 13 13  5  5  5 18 18 18 18 12 12 12  2  2  2]
 [11 11 11 10 10 10 13 13 13 13  5  5  5 18 18 18 18 12 12 12  2  2  2]]